0.00 4800.00 1200.00 0.00 1800.00 1200.00
3000.00 0.00 2400.00 1800.00 1800.00 1200.00
1800.00 3600.00 0.00 1800.00 2400.00 1800.00
600.00 2400.00 2400.00 0.00 3000.00 1200.00
1800.00 1800.00 3600.00 2400.00 0.00 600.00
1200.00 4200.00 600.00 1800.00 1800.00 0.00

0.00 4100.00 600.00 0.00 1300.00 800.00
2500.00 0.00 1900.00 1300.00 1300.00 700.00
1200.00 3200.00 0.00 1400.00 1800.00 1300.00
200.00 2000.00 2000.00 0.00 2600.00 800.00
1200.00 1300.00 3100.00 2000.00 0.00 100.00
800.00 3700.00 100.00 1400.00 1300.00 0.00
