0.00 6300.00 1400.00 2100.00 3500.00 2800.00
3500.00 0.00 2800.00 1400.00 3500.00 2100.00
2100.00 2800.00 0.00 700.00 1400.00 0.00
2100.00 2100.00 1400.00 0.00 2800.00 1400.00
2100.00 4200.00 3500.00 2800.00 0.00 1400.00
700.00 2100.00 4900.00 2100.00 0.00 0.00

0.00 5800.00 900.00 1600.00 3000.00 2300.00
3000.00 0.00 2300.00 900.00 3100.00 1600.00
1500.00 2300.00 0.00 200.00 600.00 0.00
1600.00 1600.00 1000.00 0.00 2300.00 1000.00
1600.00 3700.00 2900.00 2400.00 0.00 600.00
300.00 1700.00 4500.00 1700.00 0.00 0.00
