0.00 400.00 800.00 1600.00 2000.00 400.00
1600.00 0.00 2000.00 800.00 1200.00 400.00
2000.00 1200.00 0.00 400.00 1200.00 1600.00
1600.00 800.00 800.00 0.00 400.00 1200.00
1200.00 1600.00 800.00 800.00 0.00 1600.00
2800.00 2800.00 1200.00 2000.00 2800.00 0.00

0.00 0.00 300.00 1100.00 1500.00 0.00
1100.00 0.00 1500.00 300.00 800.00 0.00
1500.00 700.00 0.00 0.00 600.00 1100.00
1100.00 300.00 400.00 0.00 0.00 800.00
700.00 1200.00 100.00 400.00 0.00 1000.00
2400.00 2200.00 800.00 1600.00 2100.00 0.00
